lambda  mu  P0  Pn  Q  A  k
0,5 0,5 0,8 0,36923076923076925 0 0,003076923076923077 1 0,9969230769230769 0,5 0,49846153846153846 1 0,9969230769230769
1,5 0,5 0,3975903614457831 0,061068702290076333 0 0,12366412213740458 1 0,8763358778625954 1,5 1,3145038167938932 3 2,6290076335877863
2,5 0,5 0 0,015296367112810707 0 0,39834289356277885 1 0,6016571064372211 2,5 1,5041427660930529 5 3,0082855321861057
2,7 0,5 0 0,012098715842300498 0,16 0,4629422625082576 0,84 0,5370577374917425 2,2680000000000002 1,4500558912277048 4,5360000000000005 2,9001117824554097
2,8 0,5 0 0,010807726227325393 0,16 0,49601318830805763 0,84 0,5039868116919424 2,352 1,4111630727374385 4,704 2,822326145474877
3 0,5 0 0,008695652173913044 0,16 0,5634782608695652 0,84 0,4365217391304348 2,52 1,3095652173913044 5,04 2,6191304347826088
3,5 0,5 0 0,005271249725455744 0,28 0,7382824511311223 0,72 0,26171754886887766 2,52 0,9160114210410718 5,04 1,8320228420821436
4 0,5 0 0,003367003367003367 0,34 0,9194163860830527 0,6599999999999999 0,08058361391694735 2,6399999999999997 0,3223344556677894 5,279999999999999 0,6446689113355788
4,5 0,5 0 0,002245298905416784 0,44 1,1048554588829638 0,56 -0,10485545888296377 2,5200000000000005 -0,47184956497333697 5,040000000000001 -0,9436991299466739
5 0,5 0 0,0015519917227108122 0,44 1,2933264355923435 0,56 -0,2933264355923435 2,8000000000000003 -1,4666321779617175 5,6000000000000005 -2,933264355923435
5,5 0,5 0 0,0011057360055286801 0,55 1,4839990785533288 0,44999999999999996 -0,4839990785533288 2,4749999999999996 -2,6619949320433083 4,949999999999999 -5,323989864086617
6 0,5 0 0,0008084074373484236 0,56 1,676313662085691 0,43999999999999995 -0,6763136620856911 2,6399999999999997 -4,057881972514147 5,279999999999999 -8,115763945028293
